25 28
v0 v1 v2 v3 v4 v5 v6 v7 v8 v9 v10 v11 v12 v13 v14 v15 v16 v17 v18 v19 v20 v21 v22 v23 v24
0 1 156
0 4 246
0 17 462
0 20 171
0 22 157
0 24 363
1 2 323
2 3 151
3 5 545
4 5 174
6 7 83
6 8 224
6 21 192
8 9 209
8 14 217
9 10 116
10 11 180
11 12 157
11 13 251
12 13 342
13 14 111
13 15 208
13 21 382
15 16 335
17 18 212
18 19 135
19 20 174
22 23 171
10 18
v0 v1 v2 v3 v4 v5 v6 v7 v8 v9
9 7 7
8 9 13
7 2 16
6 9 4
6 8 16
6 5 7
6 3 3
6 2 8
5 8 12
5 4 4
5 3 4
4 8 6
4 1 14
2 3 12
1 3 11
1 2 12
0 2 10
0 1 6